image: map.pgm
resolution: 0.05
origin: [-12.044897, -12.281527, 0.000000]
negate: 0
occupied_thresh: 0.65
free_thresh: 0.196
